Solution no.1:
    7    7    5    6    6    5    5    4    9    9    8    8
    7    7    5    6    6   -1    5    4    9    9    8    8
    4   -1    5    5    5    5    5    4    9    9    8    8
    4    5    5    5   -1    5    5    4    9    9    8    8
    4    5   -1    5    5    5    5    4    9    9    8    8
    4    5    5    5    5    5    5    4    9    9    8    8
    4    4    4    4    4    4    4    4   -1   -1    8    8
    1    1    1    1    1    1    1    1    1    1    1    1
    3    3    3    3    3    3    3    3    3    3    3    3
    2    2    2    2    2    2    2    2    2    2    2    2
Run time = 171ms

